image: 229588d0-e989-11ed-893b-9918bf0b6878.pgm
resolution: 0.050000
origin: [-16.626279, -20.553928, 0.000000]
negate: 0
occupied_thresh: 0.65
free_thresh: 0.196

