image: 4c65cf10-efd0-11ed-949e-f5b923b70ab6.pgm
resolution: 0.050000
origin: [-18.381786, -27.100702, 0.000000]
negate: 0
occupied_thresh: 0.65
free_thresh: 0.196

