image: PICKSYSAMR.pgm
resolution: 0.050000
origin: [-18.381786, -27.100702, 0.000000]
negate: 0
occupied_thresh: 0.65
free_thresh: 0.196

